     0/199     13.4G   0.06863   0.02753   0.04815    0.1443        55       640    0.9262    0.1932    0.2211     0.139   0.06881   0.01807   0.03964
     1/199     13.7G   0.05392   0.02018   0.03071    0.1048        88       640    0.5283    0.2854    0.2573    0.1603   0.06336    0.0161   0.03643
     2/199     13.7G   0.05189   0.01966   0.02881    0.1004        58       640    0.6944    0.1601    0.1515     0.112   0.08041   0.01775   0.04425
     3/199     13.7G   0.05011   0.01935   0.02838   0.09784        67       640    0.4595    0.3279    0.2823    0.1701   0.06284   0.01722   0.03346
     4/199     13.7G   0.04744   0.01825   0.02667   0.09237        78       640    0.4288     0.395    0.3496    0.2143   0.05855   0.01514   0.03171
     5/199     13.7G   0.04581   0.01764   0.02547   0.08893        53       640    0.4166    0.4071    0.3492    0.2133   0.05748   0.01603   0.03162
     6/199     13.7G    0.0449   0.01743   0.02497    0.0873        67       640    0.4923    0.4097    0.3739    0.2247    0.0562   0.01561   0.03021
     7/199     13.7G   0.04402    0.0171    0.0247   0.08582        60       640    0.5062     0.413    0.3815    0.2217   0.05553   0.01518   0.02963
     8/199     13.7G   0.04324   0.01712   0.02425   0.08461        70       640    0.4935    0.4364    0.4082    0.2431   0.05429   0.01503   0.02931
     9/199     13.7G   0.04299   0.01702   0.02393   0.08394        66       640    0.4267    0.4593     0.405    0.2293   0.05369   0.01537   0.02878
    10/199     13.7G    0.0424   0.01673   0.02333   0.08247        45       640    0.4475    0.4747    0.4295    0.2483    0.0529     0.015   0.02784
    11/199     13.7G   0.04192   0.01635   0.02289   0.08116        75       640    0.4916    0.4822    0.4512     0.262   0.05176   0.01462   0.02735
    12/199     13.7G   0.04164   0.01642   0.02274    0.0808        46       640    0.4675    0.4944    0.4607    0.2667   0.05139   0.01458   0.02742
    13/199     13.7G    0.0415    0.0163   0.02302   0.08082        69       640    0.5125    0.4966    0.4673    0.2681   0.05078   0.01465    0.0268
    14/199     13.7G   0.04084   0.01599    0.0225   0.07933        47       640    0.4927    0.4959     0.474    0.2732   0.05059    0.0148   0.02694
    15/199     13.7G   0.04071   0.01592   0.02208   0.07871        45       640    0.4747    0.4935    0.4634    0.2711   0.05072   0.01453   0.02663
    16/199     13.7G   0.04042   0.01573   0.02213   0.07828        73       640    0.5027     0.483    0.4658    0.2668   0.05061   0.01554   0.02664
    17/199     13.7G   0.04038   0.01582   0.02196   0.07817        71       640    0.5291    0.5155    0.4966    0.2838   0.04985   0.01479   0.02585
    18/199     13.7G   0.04019   0.01585   0.02176   0.07781        57       640    0.5186    0.5352    0.5094    0.2899   0.04918   0.01426   0.02562
    19/199     13.7G   0.04003   0.01544   0.02173    0.0772        69       640    0.5572    0.5139    0.5228    0.3017   0.04832   0.01392   0.02545
    20/199     13.7G   0.03961   0.01549   0.02137   0.07647        45       640    0.5166    0.5497    0.5221    0.2972   0.04816    0.0143   0.02507
    21/199     13.7G   0.03933   0.01564   0.02122   0.07618        63       640    0.5346    0.5597    0.5458    0.3142   0.04714   0.01379   0.02476
    22/199     13.7G   0.03907    0.0154   0.02118   0.07565        54       640    0.5494    0.5507    0.5465    0.3113   0.04692   0.01505   0.02459
    23/199     13.5G   0.03915   0.01534   0.02108   0.07557        55       640    0.5135    0.5898    0.5523     0.317    0.0468   0.01391   0.02449
    24/199     13.7G    0.0389   0.01537   0.02107   0.07534        88       640    0.5393     0.577    0.5577    0.3198   0.04653   0.01384   0.02453
    25/199     13.7G   0.03861   0.01508    0.0208   0.07448        58       640    0.5886    0.5554    0.5662    0.3253   0.04609   0.01373   0.02411
    26/199     13.7G   0.03854   0.01501   0.02096   0.07451        67       640    0.5753     0.582    0.5789    0.3343   0.04565   0.01374    0.0238
    27/199     13.7G   0.03821   0.01498   0.02055   0.07374        78       640    0.5755    0.5958    0.5887    0.3367   0.04538   0.01388    0.0236
    28/199     13.7G   0.03781   0.01478   0.02015   0.07274        53       640    0.5765    0.5857    0.5835     0.334    0.0452   0.01397   0.02353
    29/199     13.7G   0.03788   0.01494    0.0201   0.07292        67       640    0.5904    0.5967    0.6025    0.3483    0.0447   0.01343   0.02333
    30/199     13.5G   0.03685    0.0146   0.01934   0.07078        55       640    0.6002    0.6007    0.6087    0.3549   0.04414    0.0135   0.02293
    31/199     13.7G   0.03641   0.01454   0.01908   0.07004        88       640    0.5894    0.6093    0.6154    0.3552   0.04387   0.01386   0.02271
    32/199     13.7G   0.03629   0.01433   0.01903   0.06966        58       640    0.6077    0.6084    0.6146    0.3582    0.0438   0.01334   0.02261
    33/199     13.7G   0.03621   0.01433   0.01927    0.0698        67       640    0.6217    0.6069    0.6265    0.3656   0.04346   0.01376   0.02242
    34/199     13.7G   0.03608   0.01437   0.01894   0.06939        78       640    0.6047    0.6404    0.6319    0.3698   0.04295   0.01375    0.0223
    35/199     13.7G   0.03569   0.01422   0.01865   0.06856        53       640    0.6082    0.6277    0.6316    0.3663   0.04294   0.01362   0.02222
    36/199     13.7G   0.03582   0.01437   0.01862   0.06881        67       640    0.6287    0.6179    0.6402    0.3737   0.04275   0.01378   0.02207
    37/199     13.7G   0.03737   0.01481   0.02006   0.07224        60       640    0.6281    0.6123    0.6349    0.3719   0.04279   0.01351   0.02216
    38/199     13.9G    0.0354   0.01418   0.01838   0.06796        55       640    0.6373    0.6349    0.6535    0.3783   0.04223   0.01331   0.02174
    39/199     13.8G   0.03473   0.01396   0.01796   0.06666        88       640    0.6383    0.6427    0.6652    0.3891   0.04173   0.01325   0.02153
    40/199     13.8G   0.03469   0.01385   0.01793   0.06647        58       640    0.6355    0.6491    0.6646     0.391   0.04151   0.01341   0.02141
    41/199     13.8G   0.03469    0.0138   0.01807   0.06657        67       640    0.6603    0.6409    0.6724    0.3969   0.04135   0.01333   0.02117
    42/199     13.8G   0.03435   0.01375   0.01769   0.06579        78       640    0.6457    0.6758    0.6814    0.4038   0.04098   0.01324   0.02099
    43/199     13.8G   0.03409   0.01369   0.01753   0.06531        53       640    0.6429    0.6783    0.6858    0.4038    0.0408   0.01321   0.02092
    44/199     13.8G   0.03425   0.01386   0.01752   0.06563        67       640    0.6498    0.6761    0.6885    0.4069   0.04063    0.0134   0.02082
    45/199     13.8G   0.03502   0.01411   0.01834   0.06747        60       640    0.6664    0.6664    0.6894    0.4078   0.04053   0.01335   0.02078
    46/199     13.8G   0.03649   0.01475   0.01956   0.07079        70       640    0.6596     0.672    0.6907    0.4071    0.0405   0.01318   0.02084
    47/199     13.5G   0.03418   0.01377   0.01757   0.06552        55       640    0.6496    0.6851    0.6954    0.4117   0.04023   0.01308   0.02066
    48/199     13.7G    0.0335   0.01353   0.01712   0.06415        88       640    0.7005    0.6567    0.7041    0.4194    0.0399   0.01299   0.02048
    49/199     13.7G    0.0333   0.01334   0.01701   0.06366        58       640    0.6904    0.6681    0.7073     0.424   0.03965   0.01302   0.02032
    50/199     13.7G   0.03332   0.01335   0.01721   0.06388        67       640    0.6799    0.6865    0.7105    0.4275   0.03945   0.01304   0.02017
    51/199     13.7G   0.03302   0.01329   0.01679   0.06311        78       640    0.6809    0.6922    0.7152    0.4307   0.03919   0.01302   0.02004
    52/199     13.7G   0.03285   0.01323   0.01665   0.06273        53       640    0.6825    0.7023    0.7199    0.4344   0.03897   0.01293   0.01994
    53/199     13.7G   0.03294   0.01336   0.01661   0.06292        67       640    0.7051    0.6901    0.7253    0.4373   0.03882   0.01301   0.01983
    54/199     13.7G   0.03354    0.0135    0.0171   0.06414        60       640    0.7061    0.6934    0.7293     0.439   0.03869   0.01303   0.01974
    55/199     13.7G   0.03411   0.01399    0.0178    0.0659        70       640    0.6952    0.7064    0.7324     0.441   0.03856   0.01293   0.01967
    56/199     13.7G   0.03579   0.01453   0.01886   0.06917        66       640     0.709    0.6885    0.7323    0.4415   0.03851   0.01302   0.01969
    57/199     13.7G   0.03547    0.0144   0.01855   0.06842        45       640     0.728    0.6735    0.7324    0.4426   0.03845   0.01302   0.01968
    58/199     13.7G   0.03517   0.01405   0.01826   0.06747        75       640    0.7019    0.6987    0.7338    0.4433   0.03837   0.01298   0.01966
    59/199     13.7G   0.03507   0.01413   0.01801   0.06721        46       640    0.7063    0.6985    0.7362    0.4451   0.03825   0.01302    0.0196
    60/199     13.7G   0.03518   0.01414   0.01839    0.0677        69       640    0.7054    0.7011    0.7385    0.4474    0.0381   0.01299   0.01954
    61/199     13.7G   0.03459   0.01376   0.01786   0.06622        47       640    0.7014    0.7121    0.7432    0.4499   0.03798   0.01292   0.01945
    62/199     13.7G   0.03466   0.01387   0.01772   0.06625        45       640    0.7225    0.6932    0.7451    0.4521   0.03785    0.0129   0.01939
    63/199     13.7G   0.03461   0.01377   0.01804   0.06642        73       640     0.724    0.6925    0.7474     0.454   0.03773   0.01286   0.01934
    64/199     13.7G   0.03433   0.01367   0.01773   0.06573        71       640    0.6968    0.7197    0.7493    0.4553   0.03761   0.01284   0.01927
    65/199     13.7G   0.03433   0.01384   0.01755   0.06572        57       640       0.7    0.7201     0.752    0.4577   0.03748   0.01281    0.0192
    66/199     13.7G   0.03436   0.01352   0.01769   0.06557        69       640    0.7146    0.7098    0.7544    0.4598   0.03737   0.01278   0.01914
    67/199     13.7G   0.03395   0.01358   0.01737    0.0649        45       640    0.7068    0.7228    0.7571    0.4611   0.03724   0.01272   0.01907
    68/199     13.7G   0.03385   0.01382   0.01742    0.0651        63       640    0.7025    0.7311    0.7594    0.4635   0.03712   0.01268   0.01901
    69/199     13.7G   0.03396   0.01372   0.01752    0.0652        54       640    0.7025    0.7313      0.76    0.4647   0.03705    0.0127   0.01898
    70/199     13.5G    0.0324   0.01302   0.01634   0.06176        55       640    0.7149    0.7242    0.7625    0.4661   0.03692   0.01268   0.01892
    71/199     13.7G   0.03194   0.01287    0.0161   0.06091        88       640    0.7182     0.729     0.766    0.4687   0.03678   0.01267   0.01885
    72/199     13.7G   0.03177   0.01266   0.01595   0.06038        58       640    0.7083    0.7424    0.7684    0.4717   0.03666   0.01265   0.01878
    73/199     13.7G   0.03171   0.01257   0.01612   0.06041        67       640    0.7245    0.7326    0.7713    0.4739   0.03655   0.01265   0.01872
    74/199     13.7G    0.0314   0.01255   0.01569   0.05963        78       640    0.7266    0.7324    0.7726    0.4759   0.03643   0.01265   0.01866
    75/199     13.7G   0.03113   0.01246   0.01547   0.05905        53       640    0.7332    0.7315    0.7749    0.4777   0.03632   0.01263    0.0186
    76/199     13.7G   0.03123   0.01263   0.01551   0.05937        67       640    0.7215    0.7468    0.7768    0.4795   0.03621   0.01263   0.01855
    77/199     13.7G   0.03143   0.01261   0.01583   0.05987        60       640    0.7267    0.7452     0.779    0.4811   0.03612   0.01263    0.0185
    78/199     13.9G   0.03043   0.01223   0.01514   0.05781        55       640    0.7451    0.7314    0.7807     0.483   0.03601   0.01263   0.01845
    79/199     13.8G   0.02993   0.01205   0.01474   0.05671        88       640    0.7355    0.7425    0.7823    0.4848   0.03592   0.01262    0.0184
    80/199     13.8G   0.02987   0.01184   0.01468   0.05639        58       640    0.7371    0.7455    0.7843    0.4862   0.03582    0.0126   0.01835
    81/199     13.8G   0.02987   0.01186   0.01487    0.0566        67       640    0.7383    0.7455     0.786     0.488   0.03573   0.01257    0.0183
    82/199     13.8G    0.0296   0.01188   0.01457   0.05605        78       640    0.7496    0.7382    0.7882    0.4896   0.03564   0.01255   0.01825
    83/199     13.8G   0.02929   0.01172   0.01431   0.05532        53       640    0.7479    0.7409    0.7896    0.4915   0.03555   0.01254    0.0182
    84/199     13.8G   0.02945   0.01186   0.01437   0.05568        67       640    0.7492    0.7438    0.7917     0.493   0.03546   0.01252   0.01816
    85/199     13.8G   0.02964   0.01191   0.01464   0.05619        60       640    0.7481    0.7497    0.7936    0.4946   0.03538    0.0125   0.01812
    86/199     13.8G   0.03144   0.01291   0.01605   0.06041        70       640    0.7508    0.7493    0.7949    0.4962    0.0353   0.01248   0.01808
    87/199     13.8G   0.03208   0.01319   0.01626   0.06153        66       640    0.7545    0.7488    0.7968    0.4975   0.03523   0.01247   0.01805
    88/199     13.8G   0.03175   0.01303   0.01609   0.06087        45       640     0.766    0.7413    0.7978     0.499   0.03516   0.01245   0.01801
    89/199     13.8G   0.03184    0.0128   0.01599   0.06062        75       640    0.7687    0.7399    0.7988    0.5004    0.0351   0.01243   0.01798
    90/199     13.8G   0.03156   0.01282   0.01565   0.06003        46       640    0.7508    0.7579    0.8003    0.5019   0.03502   0.01241   0.01794
    91/199     13.8G   0.03159   0.01275   0.01594   0.06028        69       640    0.7752    0.7385    0.8009    0.5028   0.03496   0.01239   0.01791
    92/199     13.8G   0.03096   0.01247   0.01559   0.05901        47       640    0.7607    0.7539    0.8023    0.5041   0.03489   0.01236   0.01787
    93/199     13.8G   0.03095   0.01249    0.0154   0.05884        45       640    0.7542    0.7617    0.8037    0.5056   0.03482   0.01234   0.01784
    94/199     13.8G   0.03112   0.01252   0.01578   0.05941        73       640    0.7595    0.7593     0.805    0.5067   0.03474   0.01231    0.0178
    95/199     13.8G   0.03086   0.01244   0.01543   0.05873        71       640    0.7641    0.7585    0.8068    0.5081   0.03467    0.0123   0.01776
    96/199     13.8G    0.0308   0.01247   0.01537   0.05864        57       640    0.7646    0.7602    0.8084    0.5096   0.03459   0.01229   0.01772
    97/199     13.8G   0.03076   0.01216   0.01534   0.05827        69       640    0.7827    0.7475    0.8099    0.5109   0.03451   0.01226   0.01769
    98/199     13.8G   0.03047   0.01223   0.01522   0.05792        45       640    0.7716    0.7587    0.8115    0.5125   0.03443   0.01223   0.01765
    99/199     13.8G    0.0302   0.01233   0.01514   0.05767        63       640    0.7839    0.7509    0.8131    0.5142   0.03435   0.01219   0.01761
   100/199     13.8G   0.03023   0.01215   0.01513   0.05751        54       640    0.7834    0.7535    0.8142    0.5155   0.03426   0.01216   0.01756
   101/199     13.8G   0.03106   0.01259   0.01589   0.05953        58       640    0.7879     0.752    0.8159    0.5174   0.03418   0.01213   0.01752
   102/199     13.5G   0.02899   0.01168    0.0144   0.05507        55       640    0.7703    0.7713    0.8183    0.5188   0.03409   0.01209   0.01748
   103/199     13.7G   0.02843   0.01138   0.01391   0.05372        88       640    0.7772    0.7693    0.8204    0.5206     0.034   0.01206   0.01744
   104/199     13.7G   0.02821   0.01124   0.01385   0.05329        58       640      0.78    0.7692    0.8216    0.5219   0.03391   0.01203    0.0174
   105/199     13.7G    0.0281   0.01106   0.01399   0.05314        67       640    0.7784    0.7746    0.8232     0.524   0.03382   0.01201   0.01735
   106/199     13.7G   0.02781   0.01098   0.01358   0.05236        78       640    0.7859    0.7712    0.8253    0.5258   0.03373   0.01197   0.01731
   107/199     13.7G   0.02753   0.01093   0.01342   0.05188        53       640    0.7842    0.7752    0.8271    0.5276   0.03363   0.01194   0.01726
   108/199     13.7G   0.02758   0.01104   0.01339   0.05201        67       640     0.783    0.7791    0.8287    0.5292   0.03354   0.01191   0.01722
   109/199     13.7G   0.02756   0.01098   0.01361   0.05216        60       640     0.784    0.7817    0.8301    0.5312   0.03345   0.01188   0.01718
   110/199     13.7G   0.02824   0.01149   0.01408   0.05381        70       640    0.7769    0.7906     0.832    0.5328   0.03335   0.01185   0.01713
   111/199     13.5G   0.02687   0.01064   0.01311   0.05062        55       640     0.783     0.788    0.8334    0.5347   0.03325   0.01182   0.01709
   112/199     13.7G   0.02647   0.01043    0.0127    0.0496        88       640    0.7844    0.7906    0.8352    0.5363   0.03315   0.01179   0.01704
   113/199     13.7G   0.02623   0.01025   0.01269   0.04917        58       640    0.7998    0.7808    0.8371    0.5383   0.03305   0.01175     0.017
   114/199     13.7G   0.02613   0.01016   0.01288   0.04917        67       640    0.7865    0.7961    0.8392    0.5402   0.03296   0.01172   0.01695
   115/199     13.7G   0.02592   0.01006   0.01254   0.04851        78       640    0.8003     0.786    0.8408    0.5421   0.03286   0.01168    0.0169
   116/199     13.7G    0.0258   0.01016   0.01244    0.0484        53       640    0.7923    0.7967    0.8426    0.5442   0.03276   0.01165   0.01686
   117/199     13.7G   0.02576    0.0102   0.01242   0.04838        67       640     0.801     0.793    0.8445    0.5462   0.03266   0.01163   0.01681
   118/199     13.7G   0.02569    0.0101   0.01257   0.04836        60       640    0.8018    0.7946    0.8462    0.5481   0.03257    0.0116   0.01677
   119/199     13.5G   0.02543  0.009927   0.01239   0.04775        55       640    0.8059     0.795    0.8481    0.5497   0.03247   0.01157   0.01673
   120/199     13.7G   0.02497  0.009744   0.01199   0.04671        88       640    0.8023    0.8013    0.8502    0.5518   0.03238   0.01154   0.01668
   121/199     13.7G   0.02474  0.009576   0.01196   0.04628        58       640    0.8006     0.804    0.8513     0.554   0.03228   0.01151   0.01664
   122/199     13.5G    0.0241  0.008982    0.0116   0.04468        55       640    0.8021     0.806    0.8533    0.5559   0.03218   0.01147   0.01659
   123/199     13.7G   0.02357  0.008792   0.01125   0.04362        88       640     0.807    0.8036    0.8546    0.5577   0.03208   0.01143   0.01655
   124/199     13.7G   0.02354   0.00864   0.01129   0.04347        58       640    0.8102    0.8045     0.857    0.5596   0.03199    0.0114    0.0165
   125/199     13.7G   0.02481  0.009674   0.01236   0.04684        67       640     0.811    0.8064     0.859    0.5614   0.03189   0.01137   0.01646
   126/199     13.7G   0.02468  0.009592   0.01196   0.04623        78       640    0.8115    0.8088    0.8603    0.5633    0.0318   0.01135   0.01641
   127/199     13.7G   0.02438  0.009495   0.01178   0.04565        53       640    0.8064     0.815    0.8617    0.5654    0.0317   0.01131   0.01637
   128/199     13.7G   0.02441  0.009554   0.01184    0.0458        67       640    0.8072     0.817     0.863    0.5673    0.0316   0.01129   0.01633
   129/199     13.7G   0.02429  0.009447   0.01199   0.04572        60       640    0.8091    0.8184    0.8642    0.5696   0.03151   0.01126   0.01629
   130/199     13.7G   0.02599   0.01053   0.01305   0.04956        70       640    0.8071    0.8234    0.8655    0.5715   0.03141   0.01123   0.01625
   131/199     13.7G   0.02751   0.01128   0.01381    0.0526        66       640    0.8199     0.814    0.8668    0.5734   0.03131    0.0112   0.01621
   132/199     13.7G   0.02725   0.01117   0.01368    0.0521        45       640    0.8253    0.8127    0.8683    0.5749   0.03121   0.01117   0.01617
   133/199     13.7G   0.02729   0.01097    0.0137   0.05196        75       640    0.8266    0.8146    0.8703     0.577   0.03111   0.01114   0.01613
   134/199     13.7G   0.02727   0.01112   0.01354   0.05192        46       640     0.828    0.8154    0.8718    0.5789   0.03101   0.01111   0.01609
   135/199     13.7G   0.02734   0.01103    0.0138   0.05217        69       640    0.8292    0.8169    0.8734    0.5811   0.03091   0.01108   0.01605
   136/199     13.7G    0.0267   0.01064   0.01334   0.05068        47       640    0.8256     0.823     0.875    0.5834   0.03081   0.01105   0.01601
   137/199     13.7G   0.02655   0.01065   0.01318   0.05037        45       640    0.8354    0.8162    0.8765    0.5855   0.03071   0.01102   0.01597
   138/199     13.7G   0.02657   0.01054   0.01339    0.0505        73       640    0.8262    0.8282    0.8779     0.588    0.0306   0.01099   0.01593
   139/199     13.7G   0.02647   0.01055   0.01315   0.05017        71       640    0.8298    0.8282    0.8795      0.59    0.0305   0.01095   0.01589
   140/199     13.7G   0.02636    0.0106   0.01305   0.05002        57       640    0.8408     0.821    0.8813    0.5916   0.03039   0.01091   0.01585
   141/199     13.7G   0.02628   0.01033   0.01319   0.04979        69       640    0.8261    0.8373    0.8828    0.5938   0.03028   0.01087   0.01582
   142/199     13.7G    0.0261   0.01036   0.01297   0.04943        45       640    0.8472    0.8196     0.884    0.5962   0.03018   0.01084   0.01577
   143/199     13.7G   0.02574   0.01044     0.013   0.04918        63       640    0.8472    0.8222    0.8855    0.5984   0.03007    0.0108   0.01573
   144/199     13.5G   0.02332  0.008974   0.01155   0.04384        55       640    0.8484    0.8234    0.8868    0.6004   0.02995   0.01076   0.01569
   145/199     13.6G   0.02268  0.008737   0.01111   0.04253        88       640    0.8508    0.8237    0.8886    0.6028   0.02984   0.01072   0.01565
   146/199     13.6G   0.02235  0.008475   0.01108   0.04191        58       640    0.8456    0.8306    0.8901    0.6055   0.02972   0.01068   0.01561
   147/199     13.6G   0.02299  0.008753   0.01161   0.04335        67       640    0.8484    0.8319    0.8915    0.6072   0.02961   0.01064   0.01557
   148/199     13.6G   0.02267   0.00864   0.01123   0.04254        78       640    0.8545    0.8292    0.8932    0.6096    0.0295   0.01061   0.01552
   149/199     13.6G   0.02241  0.008591   0.01108   0.04209        53       640    0.8549    0.8316    0.8945     0.612   0.02939   0.01058   0.01548
   150/199     13.6G   0.02241  0.008567   0.01104   0.04202        67       640    0.8547    0.8344    0.8956    0.6141   0.02929   0.01055   0.01544
   151/199     13.6G   0.02233  0.008502    0.0112   0.04203        60       640    0.8594    0.8322    0.8972    0.6159   0.02918   0.01053   0.01541
   152/199     13.6G   0.02317   0.00914   0.01171   0.04402        70       640    0.8555    0.8387    0.8988    0.6181   0.02907    0.0105   0.01537
   153/199     13.6G     0.024   0.00959   0.01192   0.04551        66       640    0.8542     0.842    0.9003    0.6202   0.02896   0.01047   0.01533
   154/199     13.6G   0.02371  0.009507    0.0119   0.04512        45       640    0.8551    0.8434    0.9015    0.6229   0.02886   0.01044   0.01529
   155/199     13.6G   0.02387  0.009351   0.01194   0.04516        75       640    0.8573    0.8441    0.9028     0.625   0.02875    0.0104   0.01525
   156/199     13.6G   0.02373  0.009449    0.0118   0.04498        46       640    0.8561    0.8478    0.9037    0.6268   0.02864   0.01037   0.01522
   157/199     13.6G   0.02398   0.00943   0.01202   0.04544        69       640    0.8593    0.8478    0.9049    0.6298   0.02852   0.01035   0.01518
   158/199     13.6G   0.02331  0.009102   0.01171   0.04413        47       640    0.8601    0.8484    0.9063     0.632   0.02841   0.01033   0.01514
   159/199     13.6G   0.02332  0.009174    0.0117    0.0442        45       640    0.8599    0.8509     0.908    0.6341    0.0283    0.0103   0.01511
   160/199     13.6G   0.02332  0.009061   0.01181    0.0442        73       640     0.862    0.8513    0.9094     0.636   0.02819   0.01026   0.01507
   161/199     13.6G   0.02326  0.009026   0.01168   0.04397        71       640    0.8626    0.8528    0.9105    0.6382   0.02808   0.01023   0.01504
   162/199     13.6G   0.02327  0.009138    0.0116   0.04402        57       640    0.8621    0.8562    0.9119    0.6401   0.02797   0.01019     0.015
   163/199     13.6G   0.02315  0.008875   0.01177   0.04379        69       640     0.856     0.864    0.9127    0.6418   0.02785   0.01015   0.01497
   164/199     13.5G   0.02138  0.008057   0.01086    0.0403        55       640    0.8607    0.8625     0.914    0.6434   0.02774    0.0101   0.01493
   165/199     13.7G   0.02084  0.007826   0.01044   0.03911        88       640    0.8629     0.863    0.9152    0.6454   0.02763   0.01006    0.0149
   166/199     13.7G    0.0207  0.007599   0.01046   0.03876        58       640    0.8629    0.8659    0.9164    0.6472   0.02753   0.01002   0.01486
   167/199     13.7G     0.021  0.007815   0.01086   0.03968        67       640     0.865    0.8664    0.9178    0.6488   0.02742  0.009981   0.01483
   168/199     13.7G   0.02084  0.007749   0.01049   0.03909        78       640    0.8647     0.869     0.919    0.6507   0.02731  0.009942   0.01479
   169/199     13.7G   0.02066  0.007696   0.01038   0.03873        53       640    0.8656    0.8705    0.9204    0.6519   0.02721  0.009899   0.01476
   170/199     13.7G    0.0206  0.007631   0.01036   0.03859        67       640    0.8652    0.8739    0.9214    0.6538    0.0271   0.00986   0.01473
   171/199     13.7G   0.02051  0.007603    0.0105   0.03861        60       640    0.8675    0.8746    0.9224    0.6563     0.027  0.009824   0.01469
   172/199     13.5G   0.01995  0.007132    0.0102   0.03728        55       640    0.8699    0.8755    0.9234    0.6583    0.0269  0.009781   0.01466
   173/199     13.7G   0.01947  0.006944  0.009801   0.03621        88       640    0.8837    0.8648    0.9244    0.6603   0.02679  0.009745   0.01463
   174/199     13.7G   0.01925  0.006771  0.009865   0.03589        58       640    0.8771    0.8729    0.9257    0.6621   0.02669   0.00971    0.0146
   175/199     13.7G   0.01966  0.006926   0.01023   0.03682        67       640     0.878    0.8745    0.9266    0.6638   0.02659   0.00968   0.01457
   176/199     13.7G   0.01952  0.006911  0.009896   0.03633        78       640    0.8834     0.873    0.9277    0.6658   0.02649  0.009648   0.01454
   177/199     13.7G   0.01928  0.006874   0.00982   0.03598        53       640     0.886    0.8721    0.9286    0.6677   0.02639  0.009608   0.01451
   178/199     13.7G   0.01934   0.00686  0.009859   0.03605        67       640    0.8836    0.8767    0.9295    0.6696   0.02629  0.009577   0.01448
   179/199     13.7G    0.0193  0.006871   0.00995   0.03612        60       640    0.8815     0.881    0.9303    0.6714    0.0262  0.009537   0.01445
   180/199     13.5G    0.0188  0.006516  0.009811   0.03513        55       640    0.8815    0.8837    0.9312    0.6733    0.0261  0.009496   0.01442
   181/199     13.7G    0.0185  0.006381  0.009414   0.03429        88       640    0.8831    0.8843    0.9319    0.6748   0.02601  0.009452   0.01439
   182/199     13.7G   0.01828  0.006238  0.009565   0.03408        58       640    0.8841     0.886    0.9331    0.6766   0.02591  0.009411   0.01437
   183/199     13.7G   0.01865  0.006382  0.009931   0.03496        67       640    0.8874    0.8853    0.9338    0.6782   0.02582  0.009374   0.01434
   184/199     13.7G   0.01853   0.00635  0.009549   0.03443        78       640    0.8871    0.8866    0.9344    0.6803   0.02573  0.009341   0.01431
   185/199     13.7G   0.01828  0.006284  0.009426   0.03399        53       640    0.8891    0.8865    0.9353    0.6818   0.02564  0.009298   0.01429
   186/199     13.7G   0.01841  0.006335  0.009513   0.03426        67       640    0.8901    0.8874     0.936    0.6838   0.02556   0.00926   0.01426
   187/199     13.7G   0.01836  0.006334  0.009607    0.0343        60       640    0.8872    0.8916    0.9368    0.6857   0.02547  0.009227   0.01424
   188/199     13.5G   0.01802  0.006056  0.009531   0.03361        55       640    0.8867    0.8935    0.9376    0.6872   0.02539  0.009189   0.01421
   189/199     13.7G   0.01776  0.006011  0.009227     0.033        88       640    0.8911    0.8908    0.9386    0.6889    0.0253   0.00916   0.01419
   190/199     13.7G   0.01764  0.005879  0.009365   0.03288        58       640    0.8881    0.8951    0.9391    0.6906   0.02522  0.009131   0.01416
   191/199     13.7G   0.01791  0.006012  0.009667   0.03359        67       640    0.8954    0.8888    0.9395    0.6922   0.02514  0.009104   0.01414
   192/199     13.7G   0.01788  0.005972  0.009351    0.0332        78       640    0.8909    0.8957    0.9404    0.6937   0.02506  0.009081   0.01412
   193/199     13.7G   0.01768  0.005929  0.009263   0.03287        53       640    0.8915    0.8975    0.9414    0.6952   0.02498  0.009052   0.01409
   194/199     13.7G   0.01772  0.005952  0.009275   0.03294        67       640     0.892    0.8985    0.9421    0.6969    0.0249  0.009029   0.01407
   195/199     13.7G   0.01783  0.005995  0.009445   0.03327        60       640    0.8961    0.8952    0.9426    0.6983   0.02482  0.009003   0.01405
   196/199     13.7G   0.02073  0.008241   0.01096   0.03994        70       640    0.8947    0.8977    0.9432    0.6998   0.02475   0.00898   0.01403
   197/199     13.7G   0.02139  0.008473   0.01098   0.04085        66       640    0.8945    0.8997    0.9437    0.7018   0.02467  0.008958   0.01401
   198/199     13.7G   0.02121   0.00842     0.011   0.04063        45       640     0.896    0.8996    0.9442    0.7032   0.02459  0.008949   0.01399
   199/199     13.7G   0.02132  0.008332   0.01107   0.04071        75       640    0.8937    0.9038    0.9452    0.7051    0.0245  0.008931   0.01397
